620 963
1890 537
620 963
1890 843
1890 843
621 736
621 736
1888 631
690 963
866 843
866 963
1034 844
1035 963
1200 843
1201 963
1375 843
1376 963
1539 843
1540 964
1711 843
1713 963
1890 843
1791 844
1615 736
1616 844
1449 736
1450 843
1287 736
1291 844
1122 736
1122 843
964 736
953 844
795 735
789 843
621 737
728 737
895 632
894 737
1049 632
1050 736
1209 631
1209 736
1366 632
1366 736
1521 631
1523 736
1681 631
1684 736
1842 632
1756 631
1591 538
1594 630
1439 538
1442 631
1286 539
1288 631
1133 538
1134 631
978 538
979 631
830 540
824 631
679 538
535 1099
678 1001
665 1100
856 986
848 1099
1016 983
1005 1105
1158 986
1156 1103
1315 984
1315 1104
1470 988
1472 1101
1626 985
1629 1101
1775 986
1776 1101
1913 985
645 339
690 382
5 382
188 440
7 453
186 507
7 518
188 571
9 586
193 643
8 653
173 711
992 13
1080 47
1115 7
1455 51
1482 11
1573 50
2329 253
2539 329
2330 348
2542 428
2331 447
2545 520
2332 536
2546 615
2335 633
2551 708
2337 723
2548 809
2339 822
2547 903
2341 921
2542 1011
1110 1173
1231 1217
366 1176
451 1211
542 1183
601 1212
643 1239
896 1429
907 1239
1163 1427
1178 1238
1432 1429
1446 1240
1702 1429
1718 1240
1970 1429
1893 1181
1982 1227
1281 1167
1377 1212
